2.083651
1.518139
1.165689
1.517247
0.618704
4.217395
0.668238
1.617701
0.815751
0.717789
1.149952
1.317865
2.301362
2.668011
1.216807
3.16825
1.017986
1.566606
1.600716
0.086026
0.050541
0.016147
0.998118
0.436044
0.200219
2.515106
0.27073
0.147463
1.8E-05
0.300568
1.166029
0.735304
1.231823
0.265551
0.353484
0.202366
0.16373
0.33476
0.565548
1.282697
0.285797
0.982305
0.25133
0.135389
0.097455
0.565854
0.053847
0.18118
0.0665
1.9E-05
0.250816
0.598093
0.251018
0.251521
0.199963
1.44905
0.083747
0.203531
1.8E-05
0.049226
0.030978
0.168463
0.597584
0.049982
0.435039
0.065988
0.451205
1.098737
0.016637
0.253136
0.450777
0.313207
0.117463
1.834852
0.116175
0.501908
0.531777
1.166768
0.401973
0.153111
0.213702
0.317874
1.314651
0.950081
0.151387
0.318101
0.301195
0.016082
0.682062
0.09993
0.016704
0.582885
0.616964
0.3837
1.700832
1.918034
2.434534
3.100735
1.46762
0.867835
0.950922
